Plant ID
Number
Plant Name As Be Cd Co Cr Mn Ni Pb Sb HCl Cl2 HF Se Hg (total) PMHg Elem. Hg Oxid. Hg
1,1-
Dichloroethane
1,2,4-
Trichlorobenzene
1,2-
Dibromoethane
1,4-
Dichlorobenzene
2,3,7,8-
TCDD
equiv.
3 BARRY 69.16 10.26 9.85 31.75 192.77 429.78 183.70 98.31 19.17 46078.00 774.08 14463.34 1373.73 22.68 0.23 17.83 4.62 49.90 127.02 22.23 113.41 5.9E-05
8 GORGAS TWO 182.87 16.74 18.00 45.98 323.14 745.07 273.79 180.98 22.45 20121.95 314.98 8156.66 409.77 22.70 0.23 21.34 1.12 49.93 127.09 22.24 113.48 5.9E-05
26 GASTON (AL) 90.10 9.55 16.28 32.05 204.44 416.31 186.65 110.13 21.43 84080.78 5899.53 9219.20 644.99 26.29 0.26 24.73 1.30 57.84 147.23 25.77 131.46 6.8E-05
47 COLBERT 0.01 0.00 0.00 0.01 0.03 0.06 0.03 0.02 0.00 749.57 38.42 34.72 0.70 0.01 0.00 0.00 0.00 0.01 0.03 0.00 0.03 1.3E-08
51 DOLET HILLS 69.55 7.96 9.29 30.81 166.99 359.69 145.22 87.45 20.90 19670.02 2604.57 11020.33 3882.08 87.28 0.87 82.08 4.32 54.06 137.60 24.08 122.86 6.4E-05
56 CR LOWMAN 61.87 1.55 2.03 4.75 28.53 56.82 27.96 15.38 3.00 12306.38 921.33 1122.51 147.27 3.52 0.04 3.31 0.17 7.74 19.69 3.45 17.58 9.1E-06
59 PLATTE 16.31 1.12 1.58 5.85 32.76 128.78 28.99 19.17 2.88 983.84 343.66 914.32 2.80 3.24 0.03 3.21 0.00 7.13 18.16 3.18 16.21 8.4E-06
60 WHELAN ENERGY CENTER 7.55 0.67 1.58 4.59 20.47 69.07 22.24 10.97 4.11 3436.49 777.93 5998.94 67.65 12.93 0.13 12.57 0.23 16.15 41.10 7.19 36.69 1.9E-05
87 ESCALANTE 6.88 1.89 2.33 6.03 23.34 76.63 25.47 30.26 5.65 5416.17 794.48 3578.94 218.43 10.13 0.10 9.53 0.50 16.49 41.97 7.35 37.48 1.9E-05
108 HOLCOMB 27.97 2.05 3.22 11.34 60.37 228.93 55.95 34.61 6.32 2215.27 823.25 2190.28 6.71 7.77 0.08 7.69 0.00 17.09 43.49 7.61 38.83 2.0E-05
113 CHOLLA 29.51 6.68 7.33 20.00 81.59 278.01 84.91 108.04 16.62 14672.10 2152.20 9695.16 632.67 20.30 0.20 19.10 1.01 44.67 113.70 19.90 101.52 5.3E-05
127 OKLAUNION 46.07 3.31 5.02 17.97 97.23 372.87 88.81 56.11 9.64 726.11 1221.19 4802.91 143.61 9.78 0.10 9.20 0.48 25.35 64.52 11.29 57.60 3.0E-05
130 CROSS 203.84 9.37 14.41 38.35 195.30 380.68 205.02 105.89 26.23 139996.50 72007.74 12146.83 2250.11 35.00 0.35 32.92 1.73 77.00 196.00 34.30 175.00 9.1E-05
136 SEMINOLE (FL) 282.49 23.51 20.81 68.47 463.83 968.35 396.68 241.58 35.00 93268.68 5440.86 12046.78 1473.48 51.17 0.51 48.13 2.53 84.03 213.89 37.43 190.98 9.9E-05
160 APACHE 12.28 2.96 3.49 9.47 38.43 141.38 40.80 47.71 8.12 6320.17 1098.78 5033.05 201.12 10.37 0.10 9.75 0.51 22.80 58.05 10.16 51.83 2.7E-05
165 GRDA 73.53 5.45 8.84 30.63 160.92 605.61 150.90 91.85 17.84 13671.04 2421.43 33367.22 522.40 22.84 0.23 19.91 2.71 50.26 127.92 22.39 114.22 5.9E-05
207 ST JOHNS RIVER 95.72 9.83 10.56 32.41 184.35 390.94 186.45 91.94 22.37 28230.79 480.18 10890.88 221.88 51.75 0.52 48.67 2.56 63.55 161.77 28.31 144.44 7.5E-05
298 LIMESTONE 86.87 9.67 14.57 45.44 225.53 588.58 216.03 117.95 35.28 24204.56 5101.54 20705.62 1474.86 240.64 2.41 226.32 11.91 105.88 269.52 47.17 240.64 1.3E-04
469 CHEROKEE (CO) 8.27 1.82 2.56 6.85 25.97 160.09 30.17 29.36 6.10 3964.62 473.25 3534.21 7.38 10.42 0.10 7.79 2.52 20.66 52.58 9.20 46.95 2.4E-05
470 COMANCHE 55.30 3.95 8.68 26.24 119.96 408.87 127.52 64.71 21.09 9310.29 3558.53 9467.62 29.02 58.05 0.58 57.47 0.00 73.86 188.00 32.90 167.86 8.7E-05
477 VALMONT 4.20 0.94 1.35 3.58 13.41 81.98 15.75 15.09 3.28 2177.57 259.71 1941.17 4.05 5.16 0.05 3.86 1.25 11.35 28.88 5.05 25.79 1.3E-05
492 DRAKE 20.15 1.33 2.35 7.84 39.56 144.43 38.48 22.19 4.98 3283.73 710.06 2792.64 17.99 6.70 0.07 6.30 0.33 14.74 37.51 6.56 33.49 1.7E-05
508 LAMAR REPOWERING PROJECT 0.01 0.00 0.00 0.00 0.02 0.10 0.02 0.02 0.00 20.00 0.53 4.62 0.00 0.01 0.00 0.00 0.00 0.01 0.03 0.00 0.03 1.3E-08
525 HAYDEN 13.09 2.90 4.14 11.01 41.46 254.50 48.45 46.75 9.98 6588.07 787.29 5872.86 12.26 15.60 0.16 11.67 3.77 34.33 87.38 15.29 78.01 4.1E-05
527 NUCLA 0.64 0.18 0.38 0.84 2.63 14.15 3.64 2.75 1.20 10262.76 8.87 2687.22 1.57 2.57 0.03 1.42 1.12 5.64 14.37 2.51 12.83 6.7E-06
564 CH STANTON 85.28 9.19 11.93 28.09 169.31 338.15 165.33 91.42 17.57 81629.67 35573.85 6514.70 2390.44 13.62 0.14 12.81 0.67 44.90 114.28 20.00 102.04 5.3E-05
568 BRIDGEPORT HARBOR 17.21 1.14 1.52 4.77 25.85 94.56 24.46 16.17 2.90 11560.18 346.40 29670.26 0.65 3.27 0.03 0.74 2.49 7.19 18.30 3.20 16.34 8.5E-06
594 INDIAN RIVER (DE) 42.14 1.52 1.27 6.18 33.64 65.69 33.02 18.90 3.19 4238.17 2097.73 843.62 7.58 2.51 0.03 1.40 1.08 7.86 20.02 3.50 17.87 9.3E-06
602 BRANDON SHORES 278.45 10.18 9.05 42.44 226.59 435.03 228.84 126.97 23.61 110928.19 16802.78 9808.00 1033.86 23.18 0.23 21.80 1.15 61.01 155.30 27.18 138.66 7.2E-05
628 CRYSTAL RIVER 228.31 15.69 14.48 53.77 271.53 767.42 278.48 162.21 32.02 88682.89 4651.07 15808.78 573.39 37.89 0.38 35.63 1.88 83.35 212.16 37.13 189.43 9.9E-05
641 CRIST 66.42 7.30 10.05 21.80 141.65 293.29 127.63 80.80 12.34 54813.17 53637.60 4299.73 322.33 13.70 0.14 12.89 0.68 30.15 76.74 13.43 68.52 3.6E-05
645 BIG BEND (FL) 324.90 21.11 29.52 66.48 446.50 929.73 389.38 259.46 35.78 159334.94 22441.86 13062.59 1589.24 39.83 0.40 37.46 1.97 87.63 223.07 39.04 199.17 1.0E-04
663 DEERHAVEN 15.89 1.76 1.47 6.80 29.70 65.22 31.84 15.64 3.81 6038.98 3173.81 952.36 11.51 7.14 0.07 3.90 3.17 9.98 25.40 4.44 22.68 1.2E-05
667 NORTHSIDE 6.06 1.43 5.24 9.37 19.29 44.10 90.95 18.19 2.12 9177.53 1460.69 0.00 27.56 2.20 0.02 1.84 0.34 30.32 77.17 13.50 68.90 3.6E-05
676 MCINTOSH (FL) 37.75 4.18 6.31 12.15 87.02 184.99 74.09 50.82 6.90 30734.06 43366.74 2527.91 207.42 5.37 0.05 5.05 0.27 16.90 43.03 7.53 38.42 2.0E-05
703 BOWEN 193.47 20.73 34.90 72.35 418.03 873.08 405.37 230.33 48.99 254016.71 204675.64 22254.57 1847.65 63.50 0.64 59.73 3.14 139.71 355.62 62.23 317.52 1.7E-04
708 HAMMOND 47.90 4.08 3.92 13.25 72.57 162.44 68.13 40.18 6.28 25575.77 3970.91 1949.49 131.35 6.39 0.06 6.01 0.32 14.07 35.81 6.27 31.97 1.7E-05
856 ED EDWARDS 82.37 5.68 7.99 29.60 165.72 650.94 146.77 96.95 14.62 15395.67 1747.77 38413.07 504.14 18.77 0.19 16.05 2.54 36.27 92.33 16.16 82.44 4.3E-05
861 COFFEEN 5.53 0.63 2.25 5.47 20.08 58.72 26.00 9.92 7.46 1090.81 1834.55 7215.21 48.06 9.94 0.10 9.35 0.49 38.08 96.92 16.96 86.54 4.5E-05
876 KINCAID 69.26 5.41 9.59 31.98 161.30 588.86 156.95 90.50 20.31 13330.25 2899.10 32529.43 586.30 35.58 0.36 29.95 5.27 60.17 153.16 26.80 136.75 7.1E-05
879 POWERTON 120.85 8.66 13.19 47.03 254.20 975.87 232.35 146.75 25.58 16748.42 3306.67 37102.61 334.36 26.18 0.26 5.18 20.73 68.63 174.69 30.57 155.97 8.1E-05
883 POWERTON 42.08 2.98 4.39 15.90 87.16 337.39 78.69 50.56 8.28 5211.21 1028.86 11544.35 104.04 6.54 0.07 6.26 0.22 21.35 54.35 9.51 48.53 2.5E-05
884 WILL COUNTY 59.69 4.08 5.66 21.10 118.93 469.41 104.68 69.77 10.25 10666.43 1210.89 26613.35 338.16 10.00 0.10 8.65 1.25 25.13 63.97 11.20 57.12 3.0E-05
887 JOPPA 127.53 5.84 8.35 30.69 170.57 666.59 152.07 99.50 15.43 13253.22 1867.13 41036.45 542.62 29.64 0.30 26.40 2.95 38.75 98.64 17.26 88.07 4.6E-05
889 BALDWIN 138.04 6.95 12.18 40.81 206.81 757.59 200.36 116.26 25.61 10381.24 3626.19 9647.63 29.57 20.93 0.21 20.72 0.00 75.26 191.57 33.53 171.05 8.9E-05
891 HAVANA 28.99 2.26 3.97 13.27 67.18 245.88 65.16 37.75 8.36 3394.77 1185.80 3154.87 9.67 5.80 0.06 5.75 0.00 24.61 62.65 10.96 55.93 2.9E-05
892 HENNEPIN 42.39 2.92 4.11 15.22 85.25 334.91 75.49 49.88 7.52 4153.38 898.11 67527.76 1.69 10.15 0.10 2.31 7.73 18.64 47.45 8.30 42.36 2.2E-05
963 DALLMAN 19.76 2.07 4.63 7.19 45.27 85.57 43.60 25.36 6.08 36635.91 11863.23 2929.44 676.92 7.49 0.07 7.05 0.37 20.15 51.29 8.98 45.79 2.4E-05
976 MARION (IL) 38.57 4.83 8.92 15.44 102.07 201.82 93.74 58.20 10.87 31532.28 832.36 5605.02 724.62 14.11 0.14 11.78 2.19 31.05 79.04 13.83 70.57 3.7E-05
983 CLIFTY CREEK 102.86 10.15 14.26 32.33 207.67 413.36 189.32 110.31 21.28 112386.65 13733.53 8904.40 983.99 24.55 0.25 23.09 1.22 61.81 157.34 27.53 140.48 7.3E-05
994 PETERSBURG 303.00 17.08 13.50 48.33 284.72 589.45 280.72 148.25 25.95 40896.49 1214.17 8628.79 3499.94 27.07 0.27 25.46 1.34 59.55 151.58 26.53 135.34 7.0E-05
995 BAILLY 35.55 3.67 3.46 11.33 62.22 122.18 65.40 31.51 7.17 14312.44 479.16 2653.46 303.32 12.02 0.12 11.31 0.60 18.31 46.61 8.16 41.62 2.2E-05
997 MICHIGAN CITY 99.44 4.19 4.35 18.29 105.37 341.84 94.88 61.72 8.46 35647.22 944.65 2429.04 10.08 8.91 0.09 7.49 1.34 19.61 49.91 8.73 44.56 2.3E-05
1001 CAYUGA 109.33 11.28 10.48 34.92 190.88 374.32 201.36 96.38 22.17 40279.79 1175.79 8215.60 3209.46 23.52 0.24 22.12 1.16 56.70 144.32 25.26 128.86 6.7E-05
Plant ID
Number
Plant Name As Be Cd Co Cr Mn Ni Pb Sb HCl Cl2 HF Se Hg (total) PMHg Elem. Hg Oxid. Hg
1,1-
Dichloroethane
1,2,4-
Trichlorobenzene
1,2-
Dibromoethane
1,4-
Dichlorobenzene
2,3,7,8-
TCDD
equiv.
1004 EDWARDSPORT IGCC 11.36 1.56 2.45 6.42 27.67 45.95 36.15 12.70 7.21 726.84 372.31 117.73 2.51 12.56 0.13 11.81 0.62 27.62 70.32 12.31 62.78 3.3E-05
1008 GALLAGHER 7.33 0.92 0.87 3.78 15.60 32.12 17.36 8.16 2.34 12099.53 16857.04 2458.63 7.58 0.25 0.00 0.06 0.19 6.65 16.94 2.96 15.12 7.9E-06
1012 CULLEY 35.47 3.59 3.24 10.93 60.63 120.15 63.13 30.80 6.71 13068.79 443.57 2431.85 302.89 9.29 0.09 8.74 0.46 16.78 42.72 7.48 38.14 2.0E-05
1040 WHITEWATER VALLEY 1.13 0.14 0.13 0.49 2.27 4.47 2.42 1.19 0.29 656.65 353.52 649.64 50.79 0.35 0.00 0.17 0.17 0.76 1.94 0.34 1.73 9.0E-07
1047 LANSING 25.73 1.78 2.52 9.30 51.94 203.67 46.11 30.36 4.62 1588.92 555.01 1476.63 4.53 5.14 0.05 5.09 0.00 11.52 29.32 5.13 26.18 1.4E-05
1073 PRAIRIE CREEK 6.61 0.47 0.69 2.50 13.69 53.01 12.36 7.94 1.30 1385.60 161.30 3545.05 169.18 0.92 0.01 0.79 0.11 3.35 8.52 1.49 7.61 4.0E-06
1082 COUNCIL BLUFFS (SCOTT ENERGY CENTER) 141.19 10.69 17.95 61.30 316.92 1178.20 301.53 179.65 36.84 14543.81 5080.19 13516.04 41.43 55.75 0.56 55.19 0.00 105.44 268.39 46.97 239.63 1.2E-04
1091 GEORGE NEAL 23.77 1.86 3.31 11.01 55.46 202.27 54.03 31.10 7.01 2863.94 1003.71 2670.40 8.18 4.41 0.04 4.37 0.00 20.83 53.03 9.28 47.34 2.5E-05
1104 BURLINGTON (IA) 28.60 1.97 2.77 10.27 57.50 225.94 50.91 33.65 5.07 5331.58 605.26 13302.60 659.27 5.63 0.06 4.87 0.70 12.56 31.98 5.60 28.55 1.5E-05
1131 STREETER 0.08 0.01 0.01 0.03 0.16 0.34 0.15 0.09 0.01 2406.48 163.39 91.17 2.53 0.01 0.00 0.00 0.01 0.03 0.08 0.01 0.07 3.9E-08
1167 MUSCATINE 11.22 0.89 1.60 5.30 26.46 95.98 25.96 14.79 3.44 695.19 498.46 2836.56 120.24 4.70 0.05 4.37 0.28 10.35 26.33 4.61 23.51 1.2E-05
1241 LA CYGNE 156.68 11.42 16.51 59.24 324.34 1229.40 294.96 186.73 31.44 3512.60 3942.52 15480.39 156.82 37.19 0.37 34.98 1.84 81.83 208.28 36.45 185.97 9.7E-05
1250 LAWRENCE (KS) 58.78 4.07 5.79 21.34 118.96 465.92 105.76 69.48 10.65 762.12 1281.75 5041.07 41.26 12.09 0.12 11.37 0.60 26.60 67.71 11.85 60.46 3.1E-05
1252 TECUMSEH 10.46 0.73 1.03 3.80 21.17 82.89 18.83 12.36 1.90 1158.45 228.72 2566.31 82.06 2.16 0.02 1.86 0.28 4.75 12.08 2.11 10.79 5.6E-06
1355 EW BROWN 35.09 3.73 3.96 12.52 66.81 126.60 71.45 32.86 9.03 16941.63 473.05 3755.22 631.67 11.76 0.12 11.06 0.58 25.87 65.85 11.52 58.80 3.1E-05
1356 GHENT 163.91 13.76 16.76 48.68 260.30 503.68 270.41 129.25 35.35 191874.83 16126.43 15666.08 6855.61 40.07 0.40 37.68 1.98 105.53 268.62 47.01 239.84 1.2E-04
1364 MILL CREEK (KY) 120.75 7.98 9.06 27.28 161.29 306.83 155.65 79.26 19.24 64916.68 3521.93 8364.89 1118.86 26.53 0.27 24.96 1.31 58.37 148.59 26.00 132.67 6.9E-05
1374 ELMER SMITH 94.42 8.02 6.42 23.15 151.06 314.67 133.92 78.09 11.90 21082.29 639.61 4012.21 729.18 12.70 0.13 11.94 0.63 27.94 71.12 12.45 63.50 3.3E-05
1378 PARADISE 428.41 22.51 22.00 67.19 447.14 921.76 389.29 232.61 36.70 118627.90 7279.66 13355.72 11741.79 40.98 0.41 38.54 2.03 93.10 236.99 41.47 211.60 1.1E-04
1379 SHAWNEE (KY) 168.54 11.66 16.49 60.93 340.27 1334.25 302.04 198.86 30.28 15304.69 3634.21 33558.26 10.30 34.29 0.34 13.87 20.07 75.43 192.00 33.60 171.43 8.9E-05
1381 COLEMAN (KY) 65.46 6.01 5.97 19.60 120.30 235.03 112.13 59.75 12.49 63899.21 9870.52 5033.94 609.24 15.97 0.16 15.02 0.79 35.14 89.46 15.66 79.87 4.2E-05
1382 HENDERSON TWO 33.74 3.08 3.03 10.00 61.63 120.77 57.23 30.66 6.31 32041.03 5756.80 2524.17 642.95 8.01 0.08 7.53 0.40 17.62 44.86 7.85 40.05 2.1E-05
1384 JS COOPER 21.22 1.71 1.16 5.56 30.35 73.59 28.95 15.71 2.70 6232.04 7868.59 742.07 6.64 2.81 0.03 1.62 1.16 6.19 15.75 2.76 14.06 7.3E-06
1393 R S Nelson 75.55 6.15 9.74 34.45 163.90 684.54 378.63 99.34 14.74 67329.10 2243.68 32685.53 786.84 14.37 0.14 9.16 5.06 46.57 118.53 20.74 105.83 5.5E-05
1552 CP CRANE 11.40 0.76 1.08 3.99 21.59 80.62 19.64 12.39 2.10 3618.40 266.70 2963.36 0.50 2.52 0.03 0.57 1.92 5.54 14.09 2.47 12.58 6.5E-06
1554 HA WAGNER 7.91 1.17 1.46 5.49 20.21 39.42 24.44 10.57 4.41 205778.40 137132.71 10630.18 755.31 6.25 0.06 0.36 5.83 15.45 39.33 6.88 35.12 1.8E-05
1571 CHALK POINT 37.03 1.61 1.76 7.58 36.14 64.56 39.42 19.09 5.21 28903.78 4027.61 2471.60 548.80 1.40 0.01 1.31 0.07 15.90 40.47 7.08 36.13 1.9E-05
1572 DICKERSON 28.32 1.27 1.12 4.64 24.91 56.64 25.50 12.82 2.54 11987.40 1934.53 1155.44 213.53 3.25 0.03 3.06 0.16 6.59 16.78 2.94 14.98 7.8E-06
1573 MORGANTOWN 241.11 9.07 7.69 36.50 197.50 393.59 194.50 108.64 18.99 86272.88 12427.00 7621.32 1576.97 6.26 0.06 5.88 0.31 47.45 120.78 21.14 107.84 5.6E-05
1606 MOUNT TOM 0.03 0.00 0.00 0.01 0.05 0.10 0.04 0.02 0.00 1.22 0.12 1.30 0.01 0.01 0.00 0.00 0.00 0.01 0.03 0.00 0.03 1.3E-08
1619 BRAYTON POINT 38.30 3.19 3.18 11.38 57.52 121.19 58.53 29.68 6.96 25747.65 1218.35 2809.16 154.28 8.66 0.09 3.03 5.54 19.04 48.47 8.48 43.28 2.3E-05
1702 DE KARN 26.29 2.02 3.54 11.38 56.78 208.63 56.60 32.80 7.63 3329.86 1083.55 2908.49 8.82 10.22 0.10 10.12 0.00 22.49 57.24 10.02 51.11 2.7E-05
1710 JH CAMPBELL 105.31 8.46 15.08 50.00 248.37 894.06 244.76 138.55 32.59 33856.13 4736.03 27862.34 39.33 44.68 0.45 31.35 12.88 98.29 250.21 43.79 223.40 1.2E-04
1733 MONROE (MI) 782.76 43.74 39.66 176.77 968.10 3130.51 1060.45 556.86 80.05 139514.14 8668.60 32612.89 1238.15 81.78 0.82 76.91 4.05 179.91 457.96 80.14 408.90 2.1E-04
1740 RIVER ROUGE 19.04 1.83 2.08 8.20 38.18 114.67 39.52 20.57 4.99 25374.29 672.42 7072.22 409.52 6.34 0.06 2.84 3.44 13.96 35.52 6.22 31.72 1.6E-05
1743 ST CLAIR 727.18 11.51 7.59 40.77 249.51 526.79 223.09 147.73 16.36 60849.91 1612.52 15370.31 1380.82 15.21 0.15 4.43 10.63 33.47 85.19 14.91 76.06 4.0E-05
1745 TRENTON CHANNEL 80.78 3.77 4.46 17.71 97.16 314.61 90.65 55.79 9.13 41786.98 1107.36 12053.78 504.00 10.45 0.10 5.53 4.81 22.98 58.50 10.24 52.23 2.7E-05
1769 PRESQUE ISLE 37.64 2.61 4.02 11.77 59.37 232.97 62.34 39.24 8.52 6725.54 1104.42 12966.22 2.08 10.42 0.10 2.37 7.94 22.92 58.35 10.21 52.10 2.7E-05
1825 JB SIMS 4.44 0.53 0.88 1.57 11.32 23.40 9.68 6.68 0.95 4369.38 1534.85 349.38 67.07 1.09 0.01 1.03 0.05 2.40 6.12 1.07 5.46 2.8E-06
1831 ECKERT 6.81 0.54 0.97 3.21 16.05 58.23 15.75 8.97 2.08 2661.03 302.09 6639.41 88.07 2.85 0.03 2.45 0.37 6.27 15.96 2.79 14.25 7.4E-06
1832 ERICKSON 13.82 1.10 1.99 6.57 32.72 118.49 32.18 18.27 4.29 5500.65 624.45 13724.42 192.00 5.89 0.06 5.07 0.76 12.96 32.99 5.77 29.46 1.5E-05
1843 SHIRAS 5.07 0.41 0.66 2.26 11.22 39.66 11.11 6.22 1.44 2943.60 203.99 543.55 1.84 1.92 0.02 1.91 0.00 4.23 10.78 1.89 9.62 5.0E-06
1866 WYANDOTTE 0.24 0.05 0.05 0.16 0.65 4.27 0.69 0.76 0.11 573.23 1.24 150.09 0.09 0.14 0.00 0.08 0.06 0.32 0.80 0.14 0.72 3.7E-07
1893 CLAY BOSWELL 147.23 10.14 15.14 47.69 248.31 972.41 246.94 157.76 30.74 11188.14 3877.92 55541.47 66.03 29.53 0.30 24.79 4.45 80.49 204.87 35.85 182.92 9.5E-05
1915 ALLEN S KING 35.14 2.77 5.00 16.55 82.78 300.48 81.14 46.29 10.72 4440.87 1551.21 4127.05 12.65 17.02 0.17 16.85 0.00 32.19 81.95 14.34 73.17 3.8E-05
1943 HOOT LAKE 17.18 0.97 1.05 3.03 17.10 78.97 17.73 13.93 1.88 3096.69 188.32 4546.25 58.79 1.78 0.02 1.39 0.37 3.91 9.95 1.74 8.88 4.6E-06
2076 ASBURY 28.82 2.25 3.44 10.14 59.94 215.53 52.23 35.26 5.06 13093.23 598.62 1551.36 5.34 0.98 0.01 0.96 0.01 12.42 31.63 5.53 28.24 1.5E-05
2079 HAWTHORN 42.06 3.33 6.05 19.95 99.49 360.38 97.78 55.57 13.01 5242.59 1892.78 5035.82 15.44 17.86 0.18 17.68 0.00 39.28 100.00 17.50 89.28 4.6E-05
2080 MONTROSE 13.81 1.09 1.97 6.52 32.58 118.20 31.96 18.21 4.23 5259.14 613.05 13473.76 182.06 5.78 0.06 5.02 0.70 12.72 32.39 5.67 28.92 1.5E-05
2094 SIBLEY (MO) 27.88 2.19 3.90 12.59 64.39 233.86 62.12 36.27 7.92 19561.99 1127.18 24696.35 446.35 10.63 0.11 7.35 3.18 23.39 59.55 10.42 53.17 2.8E-05
2103 LABADIE 296.83 16.10 25.17 88.82 474.23 1802.49 438.35 272.25 49.30 54264.75 6410.49 140892.03 1831.60 60.48 0.60 52.52 7.35 133.05 338.67 59.27 302.38 1.6E-04
2104 MERAMEC 35.11 2.52 3.83 13.69 74.09 284.15 67.67 42.76 7.34 8166.59 930.26 20445.50 263.81 8.78 0.09 7.58 1.10 19.31 49.15 8.60 43.88 2.3E-05
2107 SIOUX 68.36 6.82 13.33 29.98 170.66 509.06 160.26 96.95 19.48 30042.65 2709.31 9977.08 369.54 25.14 0.25 23.65 1.24 56.23 143.13 25.05 127.80 6.6E-05
2167 NEW MADRID 84.55 6.59 11.59 38.77 196.08 717.37 190.29 110.15 24.44 30573.80 3470.84 76283.36 975.25 32.74 0.33 27.10 5.32 72.04 183.37 32.09 163.72 8.5E-05
Plant ID
Number
Plant Name As Be Cd Co Cr Mn Ni Pb Sb HCl Cl2 HF Se Hg (total) PMHg Elem. Hg Oxid. Hg
1,1-
Dichloroethane
1,2,4-
Trichlorobenzene
1,2-
Dibromoethane
1,4-
Dichlorobenzene
2,3,7,8-
TCDD
equiv.
2168 THOMAS HILL 142.29 8.84 13.75 48.63 260.17 990.39 240.05 149.49 26.88 30731.28 3488.72 76676.27 978.77 32.91 0.33 27.23 5.35 72.41 184.31 32.25 164.56 8.6E-05
2240 LD WRIGHT 8.62 0.60 0.87 3.17 17.59 68.61 15.72 10.25 1.61 425.12 195.12 519.12 1.59 1.84 0.02 1.82 0.00 4.05 10.31 1.80 9.20 4.8E-06
2277 SHELDON 5.81 0.53 1.25 3.65 16.12 53.84 17.66 8.59 3.25 2793.45 604.04 45417.35 447.80 2.96 0.03 0.67 2.26 12.54 31.91 5.58 28.49 1.5E-05
2291 NORTH OMAHA 23.69 1.83 3.19 10.72 54.48 200.07 52.65 30.67 6.72 4833.40 954.27 10707.38 342.40 9.00 0.09 7.82 1.09 19.81 50.41 8.82 45.01 2.3E-05
2324 REID GARDNER 5.44 0.94 1.03 3.14 16.07 87.84 14.64 15.71 1.93 999.98 7.35 1169.82 13.19 1.49 0.01 1.41 0.07 5.11 13.00 2.27 11.60 6.0E-06
2364 MERRIMACK 65.90 2.76 1.95 10.39 57.60 117.46 51.46 31.12 4.29 17080.97 1860.76 1359.31 247.55 2.54 0.03 2.39 0.13 9.54 24.29 4.25 21.69 1.1E-05
2367 SCHILLER 14.09 1.13 0.79 2.94 20.65 50.93 17.28 11.16 1.26 4658.99 147.50 1275.80 85.71 1.16 0.01 0.23 0.92 2.56 6.52 1.14 5.82 3.0E-06
2378 BL ENGLAND 16.21 0.56 0.37 2.03 11.98 25.00 10.57 6.81 0.80 3017.70 382.30 251.27 55.10 0.33 0.00 0.31 0.02 1.66 4.22 0.74 3.77 2.0E-06
2403 HUDSON 22.79 1.31 1.35 5.14 28.09 99.93 25.29 17.44 2.48 7389.51 261.57 737.30 3.07 2.47 0.02 2.29 0.16 5.43 13.82 2.42 12.34 6.4E-06
2408 MERCER 12.43 0.70 0.55 3.04 13.60 34.42 13.49 7.32 1.51 1864.07 932.78 366.04 3.30 1.67 0.02 0.94 0.71 3.68 9.38 1.64 8.37 4.4E-06
2442 FOUR CORNERS 40.76 11.44 14.60 37.23 141.69 459.61 156.97 182.43 36.35 20841.15 86.70 23693.40 918.90 49.62 0.50 46.67 2.46 109.16 277.87 48.63 248.10 1.3E-04
2451 SAN JUAN (NM) 19.15 4.10 6.12 19.63 62.20 365.62 96.54 43.35 18.11 13667.62 69.59 23891.96 274.94 20.92 0.21 19.67 1.04 66.78 170.00 29.75 151.78 7.9E-05
2535 CAYUGA 1(MILLIKEN) 50.93 1.84 1.30 6.93 39.57 80.81 35.78 22.15 2.91 11593.81 1343.46 960.14 211.15 2.90 0.03 2.73 0.14 6.38 16.23 2.84 14.49 7.5E-06
2706 ASHEVILLE 25.97 1.44 1.70 7.39 30.94 59.50 35.43 15.64 5.62 29380.97 2589.18 2809.83 250.83 4.79 0.05 4.51 0.24 18.54 47.20 8.26 42.15 2.2E-05
2712 ROXBORO 327.78 8.74 7.39 34.80 168.37 347.14 174.15 91.08 19.22 90472.68 20636.03 7532.77 1399.77 20.59 0.21 19.37 1.02 49.76 126.66 22.17 113.09 5.9E-05
2718 ALLEN 26.37 2.84 3.27 11.25 50.31 108.58 53.87 26.52 6.89 34639.82 5770.16 2780.83 450.01 8.66 0.09 8.14 0.43 19.05 48.50 8.49 43.30 2.3E-05
2721 CLIFFSIDE 29.45 3.21 4.42 14.56 58.58 117.93 70.35 28.77 12.15 63661.57 5157.46 6502.45 757.73 13.66 0.14 12.85 0.68 41.58 105.85 18.52 94.51 4.9E-05
2727 MARSHALL (NC) 142.40 6.68 6.96 29.73 127.93 242.54 141.09 65.99 19.57 106681.94 14581.04 7837.22 1563.79 26.67 0.27 25.08 1.32 58.68 149.35 26.14 133.35 6.9E-05
2790 HESKETT 11.14 0.51 0.87 1.99 10.18 22.26 9.52 7.39 1.96 11614.80 286.44 1407.01 4.82 2.90 0.03 1.78 1.09 5.94 15.13 2.65 13.51 7.0E-06
2817 LELAND OLDS 88.62 4.02 6.84 15.96 81.93 185.18 76.46 59.05 15.31 12283.34 2206.32 4885.20 1240.23 68.85 0.69 64.76 3.41 45.79 116.56 20.40 104.07 5.4E-05
2823 MR YOUNG 125.11 5.59 9.34 21.67 112.35 247.72 103.79 81.91 20.73 26152.31 2951.46 6272.17 1522.63 186.69 1.87 175.58 9.24 61.26 155.93 27.29 139.22 7.2E-05
2824 STANTON (ND) 33.82 2.09 2.69 7.17 37.48 164.04 41.65 29.61 5.36 2616.04 611.24 2679.85 44.68 9.15 0.09 7.72 1.34 12.69 32.29 5.65 28.83 1.5E-05
2828 CARDINAL 356.14 11.03 10.26 40.36 213.59 497.83 223.43 105.71 23.20 86847.26 6627.93 11361.54 1730.73 23.01 0.23 21.64 1.14 62.83 159.93 27.99 142.80 7.4E-05
2832 MIAMI FORT 171.91 12.51 14.45 46.42 245.37 475.34 239.67 127.21 26.55 109665.47 8455.25 9785.50 6347.42 35.43 0.35 33.33 1.75 70.69 179.94 31.49 160.66 8.4E-05
2836 AVON LAKE 305.45 9.72 6.51 33.71 206.94 453.25 186.31 120.17 13.69 1979204.40 121151.58 118390.62 2858.04 12.88 0.13 2.55 10.20 28.34 72.13 12.62 64.40 3.3E-05
2840 CONESVILLE 397.64 16.25 13.09 49.82 304.96 828.51 301.65 142.37 24.78 76594.19 4653.14 12737.68 1810.87 30.59 0.31 28.77 1.51 61.03 155.36 27.19 138.71 7.2E-05
2850 JM STUART 268.70 20.78 33.19 68.91 441.11 885.53 400.89 251.87 41.92 201894.76 45029.23 16260.05 1598.97 33.39 0.33 31.40 1.65 111.04 282.65 49.46 252.37 1.3E-04
2866 WH SAMMIS 294.08 13.85 12.28 54.76 259.40 534.05 265.41 137.34 29.46 136893.82 13527.69 10493.52 2292.36 35.13 0.35 33.04 1.74 77.28 196.72 34.43 175.64 9.1E-05
2876 KYGER CREEK 107.76 5.19 5.71 18.83 100.12 246.94 112.38 44.22 13.31 41429.91 2109.68 8897.49 1479.77 23.00 0.23 21.64 1.14 42.63 108.52 18.99 96.89 5.0E-05
2878 FirstEnergy Bay Shore 2.91 0.69 2.51 4.50 9.26 21.17 43.66 8.73 1.02 4406.01 701.26 1111.43 13.23 1.06 0.01 0.24 0.81 14.55 37.05 6.48 33.08 1.7E-05
2952 MUSKOGEE 114.08 7.53 11.07 40.18 220.49 854.19 198.84 127.97 20.87 12133.15 2587.13 29029.00 928.28 24.41 0.24 21.31 2.85 53.70 136.68 23.92 122.03 6.3E-05
2963 NORTHEASTERN 43.42 3.39 5.99 19.99 100.95 368.85 98.12 56.66 12.66 9133.98 1803.34 20234.41 14.71 17.01 0.17 3.87 12.97 37.43 95.27 16.67 85.06 4.4E-05
3118 CONEMAUGH 205.72 10.73 12.24 52.76 235.60 410.96 257.78 117.88 37.13 217722.97 21976.64 17181.68 5203.48 40.52 0.41 38.11 2.01 119.75 304.81 53.34 272.15 1.4E-04
3122 HOMER CITY 721.63 16.71 12.83 64.41 366.77 737.07 348.61 210.56 30.46 127588.18 259530.70 12006.10 1363.07 31.90 0.32 20.03 11.55 70.17 178.62 31.26 159.49 8.3E-05
3130 SEWARD 19.54 0.95 1.45 5.32 22.30 36.13 28.02 11.35 5.29 37426.47 991.80 6237.49 15.06 9.36 0.09 5.75 3.51 20.58 52.40 9.17 46.78 2.4E-05
3136 KEYSTONE (PA) 614.80 25.40 19.12 99.36 536.98 1070.41 496.36 290.83 44.45 188411.97 26149.27 14914.55 4921.13 19.16 0.19 18.02 0.95 103.63 263.78 46.16 235.51 1.2E-04
3140 BRUNNER ISLAND 453.42 18.10 12.21 65.42 374.27 803.44 328.98 200.11 25.61 95707.27 9949.01 8223.57 2476.68 24.99 0.25 23.50 1.24 54.97 139.92 24.49 124.93 6.5E-05
3149 MONTOUR 374.56 16.18 12.58 64.47 342.29 681.82 318.14 180.14 29.64 126577.86 13547.00 10335.61 896.39 6.86 0.07 6.45 0.34 71.61 182.28 31.90 162.75 8.5E-05
3297 WATEREE (SC) 194.48 9.84 6.95 35.68 176.96 453.32 172.34 92.45 16.51 55874.26 5056.00 5356.99 641.74 16.53 0.17 15.55 0.82 36.37 92.59 16.20 82.67 4.3E-05
3298 AM WILLIAMS 80.43 7.73 5.89 29.05 131.34 307.25 139.23 68.35 15.85 73002.95 10469.27 6482.06 2246.78 18.25 0.18 17.16 0.90 40.15 102.20 17.89 91.25 4.7E-05
3393 TH ALLEN 85.52 4.28 6.01 22.29 124.86 490.68 110.52 73.06 10.99 6646.14 1312.16 14723.13 573.80 12.38 0.12 10.67 1.58 27.23 69.32 12.13 61.89 3.2E-05
3396 BULL RUN (TN) 89.83 7.44 5.17 23.75 125.40 299.74 124.05 65.72 11.47 30562.09 1892.69 4299.21 213.55 4.61 0.05 4.33 0.23 25.52 64.97 11.37 58.01 3.0E-05
3399 CUMBERLAND 379.46 41.39 58.82 123.88 840.69 1790.71 718.10 491.54 65.85 163692.10 8365.75 22624.76 9214.99 71.62 0.72 67.35 3.54 157.55 401.05 70.18 358.08 1.9E-04
3403 GALLATIN 41.49 3.37 6.42 20.69 100.96 360.52 101.17 55.93 14.27 6214.22 2170.64 5775.08 17.70 20.48 0.20 20.27 0.00 45.05 114.68 20.07 102.39 5.3E-05
3406 JOHNSONVILLE (TN) 55.66 4.92 6.27 21.57 116.27 448.31 108.19 74.29 12.29 43027.63 1585.16 18578.11 611.07 14.95 0.15 7.84 6.97 32.90 83.74 14.66 74.77 3.9E-05
3407 KINGSTON 79.48 7.21 8.04 26.67 151.72 380.25 145.93 78.26 16.94 22440.12 2289.63 7803.83 1546.37 21.60 0.22 20.32 1.07 47.52 120.96 21.17 108.00 5.6E-05
3470 WA PARISH 250.58 7.81 13.31 45.15 231.92 858.25 221.96 131.12 27.57 9414.01 3844.08 141157.76 96.14 36.26 0.36 32.33 3.57 79.78 203.08 35.54 181.32 9.4E-05
3497 BIG BROWN 167.17 14.92 18.59 65.66 363.11 1149.31 318.67 202.33 37.48 177873.00 4516.85 345760.96 10885.34 213.06 2.13 48.51 162.41 93.75 238.63 41.76 213.06 1.1E-04
3797 CHESTERFIELD 102.80 7.56 7.70 32.99 140.28 278.14 158.70 72.44 22.51 123765.77 16922.47 9900.58 972.59 17.51 0.18 16.47 0.87 68.07 173.27 30.32 154.71 8.0E-05
3809 YORKTOWN 12.95 1.00 0.56 3.27 16.77 44.57 16.44 8.81 1.45 299473.70 32628.03 15112.66 239.55 1.41 0.01 0.28 1.12 3.10 7.88 1.38 7.04 3.7E-06
3845 CENTRALIA 145.60 9.47 12.69 36.34 189.45 804.27 200.10 139.40 25.35 3288.51 2986.68 12680.89 136.91 38.28 0.38 36.00 1.89 61.99 157.79 27.61 140.88 7.3E-05
3935 AMOS 439.59 34.84 28.06 130.93 618.94 1302.76 611.71 325.94 63.19 259502.86 23191.22 19669.33 2331.42 84.34 0.84 79.32 4.17 155.18 395.00 69.12 352.68 1.8E-04
3943 FORT MARTIN 215.59 12.04 11.20 53.33 251.26 465.69 250.37 125.47 29.42 132397.74 11744.02 10953.59 3529.29 37.17 0.37 34.96 1.84 81.78 208.15 36.43 185.85 9.7E-05
3944 HARRISON 482.06 25.92 20.89 109.38 544.85 1038.19 500.52 266.92 50.76 193833.92 16884.97 15762.21 8328.42 58.76 0.59 55.27 2.91 129.28 329.07 57.59 293.81 1.5E-04
Plant ID
Number
Plant Name As Be Cd Co Cr Mn Ni Pb Sb HCl Cl2 HF Se Hg (total) PMHg Elem. Hg Oxid. Hg
1,1-
Dichloroethane
1,2,4-
Trichlorobenzene
1,2-
Dibromoethane
1,4-
Dichlorobenzene
2,3,7,8-
TCDD
equiv.
3948 MITCHELL (WV) 130.04 11.43 9.56 45.07 204.99 412.98 205.53 107.19 23.01 103182.90 9565.17 7245.50 908.12 20.70 0.21 19.47 1.02 59.18 150.64 26.36 134.50 7.0E-05
3954 MOUNT STORM 271.77 14.27 14.59 69.25 349.23 627.03 329.67 159.61 38.32 136362.70 8852.44 17737.89 2703.56 66.51 0.67 62.56 3.29 109.62 279.03 48.83 249.14 1.3E-04
4041 OAK CREEK (WI) 64.04 5.06 9.15 30.23 151.06 547.99 148.20 84.44 19.62 1666.42 2844.48 11187.25 316.43 24.14 0.24 22.70 1.19 59.04 150.27 26.30 134.17 7.0E-05
4050 EDGEWATER (WI) 67.84 5.00 8.02 27.92 147.40 556.71 137.60 84.30 16.07 12981.36 2162.27 21379.46 283.99 15.53 0.16 12.25 3.12 44.88 114.23 19.99 101.99 5.3E-05
4072 JP PULLIAM 8.62 0.63 0.98 3.47 18.54 70.42 17.14 10.64 1.92 1068.07 249.43 2798.75 266.38 3.53 0.04 3.01 0.48 5.18 13.18 2.31 11.77 6.1E-06
4078 WESTON 51.23 4.05 7.32 24.18 120.84 438.36 118.56 67.55 15.70 7209.74 2275.83 60788.96 51.04 25.14 0.25 15.74 9.15 47.23 120.23 21.04 107.35 5.6E-05
4125 MANITOWOC 0.27 0.06 0.24 0.42 0.87 1.99 4.11 0.82 0.10 414.72 66.01 0.00 1.25 0.10 0.00 0.06 0.04 1.37 3.49 0.61 3.11 1.6E-06
4143 GENOA THREE 17.42 1.38 2.50 8.25 41.19 149.26 40.46 23.01 5.38 2236.79 781.31 2078.72 6.37 7.37 0.07 7.30 0.00 16.22 41.28 7.22 36.85 1.9E-05
4158 DAVE JOHNSTON 61.97 3.44 6.45 20.97 103.00 369.17 102.63 57.18 14.18 6060.95 2117.10 5632.64 69.06 27.32 0.27 27.05 0.00 43.94 111.85 19.57 99.86 5.2E-05
4162 NAUGHTON 145.30 5.32 10.25 31.55 218.08 542.66 144.49 164.85 20.43 867.66 2111.12 5780.42 1362.52 32.71 0.33 30.77 1.62 43.82 111.53 19.52 99.58 5.2E-05
4271 MADGETT 21.09 1.65 2.95 9.80 49.29 179.63 48.08 27.63 6.26 4549.69 898.25 10078.89 7.32 8.47 0.08 1.93 6.46 18.64 47.45 8.30 42.37 2.2E-05
4941 NAVAJO 83.10 14.97 15.25 58.17 219.22 1454.96 291.04 163.78 35.39 19256.46 130.35 34752.83 1263.85 44.16 0.44 41.53 2.19 97.14 247.27 43.27 220.78 1.1E-04
6002 MILLER 212.97 16.90 30.78 101.38 504.85 1826.90 496.87 281.82 66.35 5431.63 9678.05 38063.50 1170.91 91.30 0.91 85.87 4.52 200.87 511.29 89.48 456.51 2.4E-04
6004 PLEASANTS 381.98 17.60 15.26 59.12 331.54 841.12 336.47 156.04 31.43 86386.36 4866.92 15817.68 2748.51 37.36 0.37 35.13 1.85 82.18 209.19 36.61 186.78 9.7E-05
6009 WHITE BLUFF 117.70 8.61 13.50 47.59 253.68 962.74 234.84 145.52 26.46 30122.59 3437.83 75557.92 1034.98 32.43 0.32 28.04 4.06 71.35 181.62 31.78 162.16 8.4E-05
6016 DUCK CREEK 26.68 2.11 3.84 12.66 63.13 228.65 62.07 35.26 8.26 715.21 1202.86 4730.83 35.99 11.35 0.11 10.67 0.56 24.97 63.55 11.12 56.74 3.0E-05
6017 NEWTON 121.07 8.89 12.15 48.69 257.90 1063.96 434.24 149.19 24.26 75358.30 2756.57 62955.42 1195.13 34.10 0.34 26.20 7.55 57.21 145.63 25.49 130.03 6.8E-05
6018 EAST BEND 153.08 12.21 10.19 39.22 232.68 488.11 211.17 122.09 19.99 88112.93 16325.57 6875.01 841.36 28.76 0.29 27.05 1.42 48.46 123.36 21.59 110.14 5.7E-05
6019 ZIMMER 153.77 10.43 9.97 40.31 200.87 382.92 204.51 102.15 23.57 79712.10 5088.69 8830.68 6000.60 39.74 0.40 37.37 1.97 63.76 162.29 28.40 144.90 7.5E-05
6021 CRAIG 46.34 5.60 8.24 21.91 61.46 430.44 69.67 102.74 18.08 19842.46 2719.07 8396.91 369.41 31.65 0.32 30.68 0.65 56.43 143.65 25.14 128.26 6.7E-05
6030 COAL CREEK 111.66 5.59 11.54 24.29 114.48 236.19 115.27 80.36 29.33 28991.06 4937.54 10492.78 456.82 268.81 2.69 252.82 13.31 102.48 260.85 45.65 232.90 1.2E-04
6031 KILLEN 67.54 6.68 11.38 21.96 141.23 280.53 129.46 79.31 14.42 72534.88 14682.40 5820.91 574.77 12.79 0.13 12.03 0.63 39.89 101.55 17.77 90.67 4.7E-05
6034 BELLE RIVER 382.14 21.31 22.82 66.13 376.17 1746.83 387.30 307.45 40.29 150116.59 3978.09 49028.33 1390.94 37.53 0.38 22.66 14.49 82.56 210.16 36.78 187.65 9.8E-05
6041 HL SPURLOCK 58.67 2.44 3.85 9.41 47.72 96.84 52.65 23.20 7.60 46226.47 32057.45 7744.12 18.11 0.76 0.01 0.44 0.32 25.42 64.72 11.33 57.78 3.0E-05
6052 WANSLEY 63.92 8.11 15.07 25.65 174.17 346.64 156.67 100.39 17.50 88409.87 33473.60 7069.03 620.02 22.10 0.22 20.79 1.09 48.63 123.77 21.66 110.51 5.7E-05
6055 BIG CAJUN TWO 138.76 9.71 14.03 51.33 283.92 1105.86 254.21 165.30 26.10 21596.79 3184.50 51442.05 1785.09 44.50 0.45 38.53 5.53 66.09 168.24 29.44 150.21 7.8E-05
6061 MORROW 8.45 0.70 0.45 2.49 11.95 30.40 12.41 6.12 1.29 5624.50 1583.85 603.71 225.00 1.41 0.01 1.32 0.07 3.09 7.87 1.38 7.03 3.7E-06
6064 NEARMAN CREEK 23.67 1.76 2.83 9.85 51.88 195.25 48.54 29.62 5.63 2138.59 747.01 1987.46 6.09 7.05 0.07 6.98 0.00 15.50 39.46 6.91 35.24 1.8E-05
6065 IATAN 103.58 8.22 14.94 49.24 245.33 888.14 241.32 136.98 32.18 2572.93 4688.55 18439.92 144.86 31.26 0.31 29.40 1.55 97.31 247.70 43.35 221.16 1.2E-04
6068 JEFFREY 150.67 7.82 14.11 46.66 233.30 846.64 228.77 130.45 30.24 2604.56 4380.42 17228.05 184.31 41.32 0.41 38.87 2.05 90.91 231.42 40.50 206.62 1.1E-04
6071 TRIMBLE COUNTY 123.32 12.25 16.06 43.18 249.86 517.28 242.48 126.82 29.89 161271.73 34530.38 13398.06 4672.33 26.32 0.26 24.75 1.30 88.70 225.78 39.51 201.59 1.0E-04
6073 VJ DANIEL 24.16 3.18 4.42 13.57 61.79 305.19 63.58 52.32 9.51 4095.22 17.44 6493.02 218.35 13.00 0.13 12.23 0.64 28.60 72.81 12.74 65.01 3.4E-05
6076 COLSTRIP 373.77 16.96 24.16 61.50 307.31 1303.34 355.54 238.48 51.13 38833.86 6292.90 27185.09 485.44 59.37 0.59 55.83 2.94 130.61 332.46 58.18 296.84 1.5E-04
6077 GERALD GENTLEMAN 53.46 4.79 10.88 32.39 145.84 491.90 157.17 78.20 27.04 21698.59 4691.99 352786.85 8.85 44.26 0.44 10.08 33.74 97.38 247.88 43.38 221.32 1.2E-04
6082 SOMERSET 75.17 2.34 1.56 8.33 50.79 106.95 45.57 30.03 3.37 12633.12 1940.92 1118.51 114.40 3.16 0.03 2.97 0.16 6.95 17.69 3.10 15.79 8.2E-06
6085 RM SCHAHFER 100.50 5.44 10.27 20.08 123.17 294.72 114.69 70.14 13.45 48073.36 2116.58 6210.00 610.61 23.21 0.23 21.83 1.15 38.21 97.26 17.02 86.84 4.5E-05
6089 LEWIS & CLARK 7.18 0.46 0.64 1.65 8.33 35.64 9.54 6.50 1.33 1528.29 160.53 693.49 39.09 1.51 0.02 1.42 0.07 3.33 8.48 1.48 7.57 3.9E-06
6090 SHERBURNE COUNTY 125.80 9.54 17.76 46.39 213.61 797.38 246.21 139.48 43.34 12596.64 6717.91 24230.59 345.95 76.23 0.76 72.46 3.01 139.43 354.91 62.11 316.88 1.6E-04
6094 BRUCE MANSFIELD 709.98 33.16 26.06 135.98 703.25 1364.91 649.21 360.37 62.27 174051.64 10442.07 21011.21 4606.94 69.27 0.69 65.15 3.43 152.40 387.93 67.89 346.36 1.8E-04
6095 SOONER 127.38 9.00 13.25 48.06 263.59 1020.79 237.83 152.95 24.99 14352.03 3101.70 34802.72 1112.91 29.26 0.29 25.61 3.36 64.37 163.86 28.68 146.31 7.6E-05
6096 NEBRASKA CITY 122.30 9.33 15.85 53.83 276.73 1024.69 264.62 156.51 32.78 18667.96 4562.03 33934.21 930.08 44.73 0.45 41.36 2.92 94.68 241.01 42.18 215.19 1.1E-04
6098 BIG STONE 27.64 2.05 3.28 11.45 60.41 227.66 56.44 34.51 6.52 2468.39 862.21 2293.96 7.03 8.13 0.08 8.05 0.00 17.90 45.55 7.97 40.67 2.1E-05
6101 WYODAK 30.40 2.49 4.82 15.44 74.84 265.77 75.47 41.33 10.78 4713.17 1646.32 4380.10 53.70 25.80 0.26 25.54 0.00 34.17 86.98 15.22 77.66 4.0E-05
6106 BOARDMAN (OR) 22.28 1.85 3.64 11.56 55.54 195.98 56.47 30.56 8.25 6483.23 1280.00 14362.25 258.86 12.08 0.12 10.44 1.52 26.57 67.62 11.83 60.38 3.1E-05
6113 GIBSON 353.20 14.31 12.59 42.51 241.18 485.02 246.07 123.80 24.97 38123.71 985.19 8800.79 3216.24 25.97 0.26 24.43 1.29 60.73 154.59 27.05 138.03 7.2E-05
6124 MCINTOSH (GA) 0.51 0.05 0.14 0.38 1.57 4.98 1.84 0.81 0.40 328.33 80.29 900.88 28.81 0.76 0.01 0.67 0.08 1.67 4.24 0.74 3.79 2.0E-06
6136 GIBBONS CREEK 47.08 3.37 5.10 18.28 99.08 380.53 90.34 57.22 9.75 732.20 1231.43 4843.19 163.35 11.62 0.12 10.93 0.58 25.56 65.06 11.38 58.09 3.0E-05
6137 AB BROWN 58.12 6.09 6.86 18.71 107.29 212.55 108.90 56.07 11.73 34303.95 1794.63 4330.62 474.46 21.70 0.22 20.41 1.07 29.87 76.02 13.30 67.88 3.5E-05
6138 FLINT CREEK (AR) 83.89 5.73 7.94 29.61 167.03 659.52 146.95 98.01 14.37 7843.45 1696.03 4512.35 13.83 16.00 0.16 15.84 0.00 35.20 89.60 15.68 80.00 4.2E-05
6139 WELSH 56.79 4.43 7.79 26.06 131.77 481.96 127.92 74.01 16.44 10809.27 2337.34 175742.66 4.41 22.05 0.22 5.02 16.81 48.51 123.48 21.61 110.25 5.7E-05
6146 MARTIN LAKE 251.31 15.79 16.25 57.61 332.11 787.39 274.11 179.34 33.26 40092.24 3731.28 15624.53 2615.00 176.00 1.76 165.53 8.71 77.44 197.12 34.50 176.00 9.2E-05
6147 MONTICELLO (TX) 100.32 6.37 8.88 30.96 166.65 568.32 151.15 93.57 18.03 14200.47 2287.34 59437.37 2126.43 107.89 1.08 77.93 28.89 47.47 120.84 21.15 107.89 5.6E-05
6155 RUSH ISLAND 124.88 9.28 15.00 52.16 274.29 1031.15 257.04 156.49 29.95 35051.42 3982.84 87536.42 1144.67 61.74 0.62 53.37 7.75 82.66 210.41 36.82 187.87 9.8E-05
6165 HUNTER 55.47 5.09 9.76 24.99 149.12 394.57 127.40 81.98 20.85 24233.62 323.22 10253.06 462.07 8.08 0.08 7.60 0.40 71.21 181.25 31.72 161.83 8.4E-05
